teleportenabled: true
teleportauto: false
godmode: false
muted: false
jailed: false
ip-address: 100.83.254.78
afk: false
socialspy: false
npc: false
powertoolsenabled: true
accepting-pay: true
baltop-exempt: false
timestamps:
  lastteleport: 1752732190839
  lastheal: 0
  mute: 0
  jail: 0
  onlinejail: 0
  logout: 1752731983695
  login: 1752732146648
money: '0'
last-account-name: .ABELARD03451
lastlocation:
  world: 1d44e96f-52d1-4d3c-80ca-1dd436e1aefc
  world-name: world
  x: -4177.7075
  y: 71.0
  z: -56.961235
  yaw: 154.802734375
  pitch: -11.836074829101562
logoutlocation:
  world: 1d44e96f-52d1-4d3c-80ca-1dd436e1aefc
  world-name: world
  x: -4202.9946
  y: 85.0
  z: -33.55931
  yaw: -126.83624267578125
  pitch: 62.341644287109375
homes:
  home:
    world: 1d44e96f-52d1-4d3c-80ca-1dd436e1aefc
    world-name: world
    x: 738.5599
    y: 56.0
    z: 839.8205
    yaw: 140.576171875
    pitch: 24.847686767578125
  casa:
    world: 1d44e96f-52d1-4d3c-80ca-1dd436e1aefc
    world-name: world
    x: 736.9239
    y: 56.0
    z: 839.9173
    yaw: 131.24041748046875
    pitch: 22.417449951171875
  vege:
    world: 1d44e96f-52d1-4d3c-80ca-1dd436e1aefc
    world-name: world
    x: -4178.9214
    y: 71.0
    z: -35.931618
    yaw: -125.06051635742188
    pitch: 28.952987670898438
