teleportenabled: true
teleportauto: false
godmode: false
muted: false
jailed: false
ip-address: 100.83.254.78
afk: false
socialspy: false
npc: false
powertoolsenabled: true
accepting-pay: true
baltop-exempt: false
timestamps:
  lastteleport: 1752817420073
  lastheal: 0
  mute: 0
  jail: 0
  onlinejail: 0
  logout: 1752732232947
  login: 1752816300600
money: '0'
last-account-name: .ABELARD03451
lastlocation:
  world: 1d44e96f-52d1-4d3c-80ca-1dd436e1aefc
  world-name: world
  x: -4178.9727
  y: 71.0
  z: -58.040913
  yaw: -112.52311706542969
  pitch: 9.900222778320312
logoutlocation:
  world: 1d44e96f-52d1-4d3c-80ca-1dd436e1aefc
  world-name: world
  x: -4181.5
  y: 72.0
  z: -46.5
  yaw: 86.60385131835938
  pitch: 11.173927307128906
homes:
  home:
    world: 1d44e96f-52d1-4d3c-80ca-1dd436e1aefc
    world-name: world
    x: 738.5599
    y: 56.0
    z: 839.8205
    yaw: 140.576171875
    pitch: 24.847686767578125
  casa:
    world: 1d44e96f-52d1-4d3c-80ca-1dd436e1aefc
    world-name: world
    x: 736.9239
    y: 56.0
    z: 839.9173
    yaw: 131.24041748046875
    pitch: 22.417449951171875
  vege:
    world: 1d44e96f-52d1-4d3c-80ca-1dd436e1aefc
    world-name: world
    x: -4178.9214
    y: 71.0
    z: -35.931618
    yaw: -125.06051635742188
    pitch: 28.952987670898438
