teleportenabled: true
teleportauto: false
godmode: false
muted: false
jailed: false
ip-address: 100.83.254.78
afk: false
socialspy: false
npc: false
powertoolsenabled: true
accepting-pay: true
baltop-exempt: false
timestamps:
  lastteleport: 1752554752076
  lastheal: 0
  mute: 0
  jail: 0
  onlinejail: 0
  logout: 1752552615932
  login: 1752553773603
money: '0'
last-account-name: .ABELARD03451
lastlocation:
  world: 1d44e96f-52d1-4d3c-80ca-1dd436e1aefc
  world-name: world
  x: 681.92285
  y: 63.0
  z: 768.59814
  yaw: 145.0965576171875
  pitch: 9.57757568359375
logoutlocation:
  world: 1d44e96f-52d1-4d3c-80ca-1dd436e1aefc
  world-name: world
  x: -4119.919
  y: 63.0
  z: 35.04766
  yaw: -58.39398193359375
  pitch: -0.6392059326171875
homes:
  home:
    world: 1d44e96f-52d1-4d3c-80ca-1dd436e1aefc
    world-name: world
    x: 738.5599
    y: 56.0
    z: 839.8205
    yaw: 140.576171875
    pitch: 24.847686767578125
  casa:
    world: 1d44e96f-52d1-4d3c-80ca-1dd436e1aefc
    world-name: world
    x: 736.9239
    y: 56.0
    z: 839.9173
    yaw: 131.24041748046875
    pitch: 22.417449951171875
  vege:
    world: 1d44e96f-52d1-4d3c-80ca-1dd436e1aefc
    world-name: world
    x: -4178.9214
    y: 71.0
    z: -35.931618
    yaw: -125.06051635742188
    pitch: 28.952987670898438
