teleportenabled: true
teleportauto: false
godmode: false
muted: false
jailed: false
ip-address: 100.120.167.117
afk: false
socialspy: false
npc: false
powertoolsenabled: true
accepting-pay: true
baltop-exempt: false
timestamps:
  lastteleport: 1752907171560
  lastheal: 0
  mute: 0
  jail: 0
  onlinejail: 0
  logout: 1752818898030
  login: 1752906771816
money: '0'
last-account-name: ReckerDMS
lastlocation:
  world: 1d44e96f-52d1-4d3c-80ca-1dd436e1aefc
  world-name: world
  x: -4008.1905884053044
  y: 64.1212968405392
  z: -1403.8851606667765
  yaw: 135.6067352294922
  pitch: 25.57875633239746
logoutlocation:
  world: 1d44e96f-52d1-4d3c-80ca-1dd436e1aefc
  world-name: world
  x: -3515.871169666813
  y: 82.0
  z: -578.3436743424696
  yaw: -8.123046875
  pitch: 44.69993591308594
homes:
  alpha:
    world: 1d44e96f-52d1-4d3c-80ca-1dd436e1aefc
    world-name: world
    x: -3999.6806573882805
    y: 36.0
    z: -31.03713872103094
    yaw: -178.2000732421875
    pitch: 9.299988746643066
  lake:
    world: 1d44e96f-52d1-4d3c-80ca-1dd436e1aefc
    world-name: world
    x: -3924.59370513623
    y: -46.0
    z: -157.06906798636166
    yaw: 55.31700134277344
    pitch: 25.349864959716797
  zonainex:
    world: 1d44e96f-52d1-4d3c-80ca-1dd436e1aefc
    world-name: world
    x: -3914.6134377630256
    y: -11.0
    z: 190.697398147292
    yaw: 133.31005859375
    pitch: 19.949989318847656
  grand:
    world: 1d44e96f-52d1-4d3c-80ca-1dd436e1aefc
    world-name: world
    x: -3472.699999988079
    y: 13.0
    z: -126.60447696813034
    yaw: -95.286865234375
    pitch: 23.85032081604004
  jungla:
    world: 1d44e96f-52d1-4d3c-80ca-1dd436e1aefc
    world-name: world
    x: -3687.8635613591696
    y: 72.0
    z: -775.3784513163979
    yaw: -174.15911865234375
    pitch: 20.2499942779541
