teleportenabled: true
teleportauto: false
godmode: false
muted: false
jailed: false
ip-address: 100.120.167.117
afk: false
socialspy: false
npc: false
powertoolsenabled: true
accepting-pay: true
baltop-exempt: false
timestamps:
  lastteleport: 1752729029739
  lastheal: 0
  mute: 0
  jail: 0
  onlinejail: 0
  logout: 1752728729596
  login: 1752728872560
money: '0'
last-account-name: ReckerDMS
lastlocation:
  world: 1d44e96f-52d1-4d3c-80ca-1dd436e1aefc
  world-name: world
  x: -3960.417537798741
  y: -20.0
  z: -96.0944260413959
  yaw: 72.7530517578125
  pitch: 30.149938583374023
logoutlocation:
  world: 1d44e96f-52d1-4d3c-80ca-1dd436e1aefc
  world-name: world
  x: -4001.1253040926476
  y: 36.0
  z: -32.90115664211736
  yaw: -146.69989013671875
  pitch: 24.15003776550293
homes:
  alpha:
    world: 1d44e96f-52d1-4d3c-80ca-1dd436e1aefc
    world-name: world
    x: -3999.6806573882805
    y: 36.0
    z: -31.03713872103094
    yaw: -178.2000732421875
    pitch: 9.299988746643066
  lake:
    world: 1d44e96f-52d1-4d3c-80ca-1dd436e1aefc
    world-name: world
    x: -3924.59370513623
    y: -46.0
    z: -157.06906798636166
    yaw: 55.31700134277344
    pitch: 25.349864959716797
  cueva2:
    world: 1d44e96f-52d1-4d3c-80ca-1dd436e1aefc
    world-name: world
    x: -4095.2871055410956
    y: -53.0
    z: 63.92888611978122
    yaw: 91.27392578125
    pitch: 21.899934768676758
  zonainex:
    world: 1d44e96f-52d1-4d3c-80ca-1dd436e1aefc
    world-name: world
    x: -3914.6134377630256
    y: -11.0
    z: 190.697398147292
    yaw: 133.31005859375
    pitch: 19.949989318847656
