teleportenabled: true
teleportauto: false
godmode: false
muted: false
jailed: false
ip-address: 100.120.167.117
afk: false
socialspy: false
npc: false
powertoolsenabled: true
accepting-pay: true
baltop-exempt: false
timestamps:
  lastteleport: 1752816046673
  lastheal: 0
  mute: 0
  jail: 0
  onlinejail: 0
  logout: 1752733829691
  login: 1752815991253
money: '0'
last-account-name: ReckerDMS
lastlocation:
  world: 1d44e96f-52d1-4d3c-80ca-1dd436e1aefc
  world-name: world
  x: -4173.323531965026
  y: 71.0
  z: -67.1587501840952
  yaw: 34.87466049194336
  pitch: 13.049755096435547
logoutlocation:
  world: 1d44e96f-52d1-4d3c-80ca-1dd436e1aefc
  world-name: world
  x: -4154.653987943716
  y: 72.0
  z: -58.80618541078164
  yaw: 135.82470703125
  pitch: 47.699798583984375
homes:
  alpha:
    world: 1d44e96f-52d1-4d3c-80ca-1dd436e1aefc
    world-name: world
    x: -3999.6806573882805
    y: 36.0
    z: -31.03713872103094
    yaw: -178.2000732421875
    pitch: 9.299988746643066
  lake:
    world: 1d44e96f-52d1-4d3c-80ca-1dd436e1aefc
    world-name: world
    x: -3924.59370513623
    y: -46.0
    z: -157.06906798636166
    yaw: 55.31700134277344
    pitch: 25.349864959716797
  cueva2:
    world: 1d44e96f-52d1-4d3c-80ca-1dd436e1aefc
    world-name: world
    x: -4095.2871055410956
    y: -53.0
    z: 63.92888611978122
    yaw: 91.27392578125
    pitch: 21.899934768676758
  zonainex:
    world: 1d44e96f-52d1-4d3c-80ca-1dd436e1aefc
    world-name: world
    x: -3914.6134377630256
    y: -11.0
    z: 190.697398147292
    yaw: 133.31005859375
    pitch: 19.949989318847656
  grand:
    world: 1d44e96f-52d1-4d3c-80ca-1dd436e1aefc
    world-name: world
    x: -3472.699999988079
    y: 13.0
    z: -126.60447696813034
    yaw: -95.286865234375
    pitch: 23.85032081604004
