world: 1d44e96f-52d1-4d3c-80ca-1dd436e1aefc
world-name: world
x: -4181.181023317781
y: 71.0
z: -46.62887928233719
yaw: 86.60385131835938
pitch: 11.173927307128906
name: mimundo
lastowner: ac7bbd7b-9286-3f1f-9120-3d5035110bfd
