world: 1d44e96f-52d1-4d3c-80ca-1dd436e1aefc
world-name: world
x: 648.9919092696844
y: 67.0
z: 762.9401444274182
yaw: -91.1466293334961
pitch: 20.914113998413086
name: mundo
lastowner: ac7bbd7b-9286-3f1f-9120-3d5035110bfd
